0.572412516791163
0.7526000180653547
0.8876216665603637
0.9859074182158147
1.0629062145525099
1.1319904214715315
1.1816587368873415
1.2323870087936664
1.2758008122739377
1.3102006711699874
1.3483513607328963
1.4031172412440158
1.4293404348872445
1.4707951380219708
1.5137255331116903
1.5521328605902085
1.5797955692569283
1.6293267192191159
1.6697158154305332
1.7156742996946945
1.7468431699801452
1.7866558760810478
1.8269490536776045
1.8615971425068945
1.9071523689924856
1.9369830605710558
1.9804925674433982
2.016147523652069
2.060749967019555
2.0987515485594823
2.1370589565892137
2.185848275974596
2.228035212730657
2.273843873320909
2.3167327322455584
2.358385167352282
2.4043744174988078
2.454347085596446
2.495271472527044
2.5422135709115152
2.5969672309545877
2.6471129048673765
2.6998515145248283
2.757313612305496
2.8122777722237267
2.8724830751705577
2.933074987398682
2.993144272159971
3.060451131737329
3.1240151348636758
