1.089624482962465
1.2387157737583125
1.326795849940118
1.380366978071795
1.417420012578291
1.4469928999686255
1.4635847279823584
1.4811867425804035
1.4946618924677233
1.5060816726305264
1.5165126287310937
1.5307483782692908
1.5384215391344158
1.550480289002201
1.5588268250743622
1.5685849037030641
1.5730905939841702
1.5826597981048884
1.5891726494554796
1.596644938651369
1.6029778362252445
1.6088048330058857
1.6152928846782026
1.62008616883265
1.6238682796506707
1.6307170187989823
1.6360590824273997
1.6404341119489672
1.643910710885084
1.6479548054540765
1.6514468430664964
1.6561519202644401
1.6593991454940011
1.6647023174620714
1.6678140646265496
1.6722458700874678
1.6754927977905885
1.6778436976677409
1.6809109585657305
1.6834709391621498
1.6866512460077818
1.6897797495730307
1.692637984064192
1.6952947688587408
1.6976104115677833
1.7001816209179923
1.7020425741733092
1.7046611125255267
1.707371432210358
1.7091822576569191
