0.3313038517900395
0.6380881306121926
0.771285976032431
0.841984530099353
0.878809613833095
0.9057350458339354
0.9221896321688142
0.9364183049060835
0.9468849351966929
0.9539916802316706
0.9592383087105556
0.9679333184558945
0.9720488140434503
0.9781990912990259
0.9816804395004135
0.9842369954962832
0.9870047571382726
0.9897093318174608
0.9918285777550458
0.993240176392717
0.9938938977068718
0.9947649644988041
0.9963464638811822
0.9970776580951383
0.9975189600892743
0.998161392616897
0.9984728364079984
0.9988026405322368
0.9991507676266728
0.9992807428431781
0.9994681588682394
0.999590354753964
0.9996199614679184
0.9996355602634134
0.9997765809922816
0.9997526427200261
0.9997635549084646
0.999780965918732
0.9997705346326267
0.9997830197988937
0.9998660233011399
0.9998635770512057
0.999841363361791
0.9998609446072761
0.9998717539524379
0.9998858322669334
0.9999159362428792
0.9998939126032836
0.9998849225347712
0.9999101767618045
