0.5365422920355567
0.6287531036297411
0.685082478373513
0.719679712910414
0.7434464251141697
0.7637778233696412
0.7760429597761636
0.7890427353539843
0.7989275544562496
0.8060697214125697
0.8152409088734061
0.8251883701007756
0.8308630104504836
0.8382681761817754
0.8464628113800593
0.8521247439360693
0.8567233939723693
0.8656458059988935
0.8705449048788465
0.8769802978912359
0.8806793246840076
0.886388431390541
0.8931505301022439
0.8958065931913688
0.90124878218786
0.9054521196529438
0.9106722070701011
0.9140158564389801
0.9184344115425033
0.9222988591330475
0.9254785344025683
0.9299790756067693
0.933534192812391
0.9367959919495397
0.9404617823743612
0.9437361778551271
0.94706058183262
0.9500913995255663
0.952523310170731
0.9554196636915134
0.9577083341013223
0.9602890983275109
0.962540492876456
0.9647819456128756
0.9672357261906338
0.9694347999725438
0.9712251620602991
0.9731151286216965
0.9751081715885338
0.9766909100033562
