0.8005379615101348
0.7998288383402118
0.7989948945757864
0.798299672706953
0.7976662386243091
0.7986073958142024
0.8012690070660621
0.8000127986689385
0.7991706350474608
0.7987142628973007
0.8020591112465321
0.804505714584456
0.8014388373937495
0.7978991529614446
0.7994725906984178
0.8006369885486104
0.7976595693798975
0.8001919232307078
0.7997666501510381
0.8012727636581949
0.8011556437672066
0.8016476654070326
0.799291193397243
0.7998003673241236
0.8030151237066305
0.7983430255715765
0.8012966560344069
0.7988845954666773
0.7989409141583055
0.8024895668441503
0.7963490309418565
0.7963849049951521
0.795784703951067
0.7952978920720856
0.7950367483494385
0.7943042229903422
0.797239204011837
0.8000825305124828
0.797005619036632
0.8003524615582431
0.8030520702917413
0.8000060015604057
0.8042282374345493
0.8026514034262573
0.8039034568351058
0.8042221960136808
0.804942103108268
0.8031321531163063
0.8033117790903817
0.8015230053206331
