0.4335115718198416
1.933504452421308
3.8645878434814147
6.007417883678844
8.229656773080873
10.601081431260102
12.966296448753182
15.518147411823087
18.096605659448052
20.667569466538524
23.247513906033543
28.491166992573536
31.351947773023145
36.903876266142355
42.55898904948862
48.27969234743971
54.172053774605075
63.11535400590351
72.09609410984784
84.28123635096574
93.4407301140764
108.95738973586441
125.17637900574177
141.1265722416548
161.02134819358295
184.13595890497606
210.58098822402002
238.24801444468707
273.68607743459415
311.07567273902436
356.49670502540164
408.0715866005287
463.65247651975744
529.4280839146845
605.8499900107286
691.1821680159838
785.4638954321125
893.2972800220853
1019.9911509611485
1158.0620784895825
1320.0917768694972
1509.438403447999
1716.2624989768694
1959.1843735652992
2233.2207412085513
2550.657158117458
2911.2340409217722
3327.753211803897
3802.5766717759634
4352.279020220474
